../samples/0009-IMG_0027.JPG 1 1105 1110 331 628
../samples/0009-IMG_0027.JPG 2 0 2047 442 463
../samples/0009-IMG_0027.JPG 3 171 1263 775 884
../samples/0009-IMG_0027.JPG 4 313 416 792 1366
../samples/0009-IMG_0027.JPG 5 198 205 576 1366
../samples/0009-IMG_0027.JPG 6 1379 1389 0 1366
../samples/0009-IMG_0027.JPG 7 1322 1620 0 98
../samples/0009-IMG_0027.JPG 8 0 2047 199 262
../samples/0009-IMG_0027.JPG 9 2036 2045 467 479
../samples/0009-IMG_0027.JPG 10 537 2047 181 1366
../samples/0009-IMG_0027.JPG 11 0 361 679 1366
../samples/0009-IMG_0027.JPG 12 1091 2043 0 361
../samples/0009-IMG_0027.JPG 13 0 848 249 279
../samples/0009-IMG_0027.JPG 14 1345 2047 0 1286
../samples/0009-IMG_0027.JPG 15 0 544 634 1366
../samples/0009-IMG_0027.JPG 16 0 1233 507 1153
../samples/0009-IMG_0027.JPG 17 1211 2047 241 282
../samples/0009-IMG_0027.JPG 18 0 610 0 1028
../samples/0009-IMG_0027.JPG 19 95 281 511 722
../samples/0009-IMG_0027.JPG 20 1231 1979 218 344
../samples/0009-IMG_0027.JPG 21 787 998 959 961
../samples/0009-IMG_0027.JPG 22 81 92 1080 1205
../samples/0009-IMG_0027.JPG 23 1023 1482 261 720
../samples/0009-IMG_0027.JPG 24 289 669 142 1026
../samples/0009-IMG_0027.JPG 25 645 666 516 887
../samples/0009-IMG_0027.JPG 26 749 762 559 922
../samples/0009-IMG_0027.JPG 27 1514 1654 332 382
../samples/0009-IMG_0027.JPG 28 0 2047 189 840
../samples/0009-IMG_0027.JPG 29 0 2047 793 813
../samples/0009-IMG_0027.JPG 30 1900 1970 0 -23
../samples/0009-IMG_0027.JPG 31 1014 1055 621 637
../samples/0009-IMG_0027.JPG 32 1034 1047 0 1366
../samples/0009-IMG_0027.JPG 33 72 776 72 306
../samples/0009-IMG_0027.JPG 34 300 506 0 913
../samples/0009-IMG_0027.JPG 35 6 401 861 933
../samples/0009-IMG_0027.JPG 36 1693 1748 125 193
../samples/0009-IMG_0027.JPG 37 0 2047 663 835
../samples/0009-IMG_0027.JPG 38 0 1793 0 175
../samples/0009-IMG_0027.JPG 39 1220 1269 896 1350
../samples/0009-IMG_0027.JPG 40 316 343 0 47
../samples/0009-IMG_0027.JPG 41 521 538 0 1366
../samples/0009-IMG_0027.JPG 42 593 602 0 409
../samples/0009-IMG_0027.JPG 43 1911 1977 638 1009
../samples/0009-IMG_0027.JPG 44 901 1030 0 1366
../samples/0009-IMG_0027.JPG 45 1540 2047 901 1366
../samples/0009-IMG_0027.JPG 46 0 1617 0 1366
../samples/0009-IMG_0027.JPG 47 0 129 1228 1366
../samples/0009-IMG_0027.JPG 48 1487 1490 185 404
../samples/0009-IMG_0027.JPG 49 1207 1218 302 319
../samples/0009-IMG_0027.JPG 50 817 863 0 262
../samples/0009-IMG_0027.JPG 51 580 923 313 518
../samples/0009-IMG_0027.JPG 52 827 915 0 1096
../samples/0009-IMG_0027.JPG 53 1359 1417 0 60
../samples/0009-IMG_0027.JPG 54 622 649 979 1211
../samples/0009-IMG_0027.JPG 55 481 527 0 4
../samples/0009-IMG_0027.JPG 56 1227 1407 53 93
../samples/0009-IMG_0027.JPG 57 129 758 883 904
../samples/0009-IMG_0027.JPG 58 0 684 541 630
../samples/0009-IMG_0027.JPG 59 738 933 144 658
../samples/0009-IMG_0027.JPG 60 377 806 1365 1366
../samples/0009-IMG_0027.JPG 61 494 860 132 550
../samples/0009-IMG_0027.JPG 62 387 434 1222 1366
../samples/0009-IMG_0027.JPG 63 0 424 0 205
../samples/0009-IMG_0027.JPG 64 0 2047 698 817
../samples/0009-IMG_0027.JPG 65 546 920 739 760
../samples/0009-IMG_0027.JPG 66 36 109 1135 1211
../samples/0009-IMG_0027.JPG 67 1040 1514 0 1366
../samples/0009-IMG_0027.JPG 68 34 81 1202 1302
../samples/0009-IMG_0027.JPG 69 1085 1101 484 542
../samples/0009-IMG_0027.JPG 70 0 1188 474 485
../samples/0009-IMG_0027.JPG 71 51 77 755 835
../samples/0009-IMG_0027.JPG 72 1259 2025 0 246
../samples/0009-IMG_0027.JPG 73 351 604 0 613
../samples/0009-IMG_0027.JPG 74 833 843 81 191
../samples/0009-IMG_0027.JPG 75 1931 1977 0 639
../samples/0009-IMG_0027.JPG 76 1259 1320 0 1366
../samples/0009-IMG_0027.JPG 77 1012 1123 0 280
../samples/0009-IMG_0027.JPG 78 796 1059 0 1366
../samples/0009-IMG_0027.JPG 79 1705 1988 336 340
../samples/0009-IMG_0027.JPG 80 239 1212 485 751
../samples/0009-IMG_0027.JPG 81 0 557 738 1126
../samples/0017-IMG_0035.JPG 1 1992 2012 83 145
../samples/0017-IMG_0035.JPG 2 705 1852 459 493
../samples/0017-IMG_0035.JPG 3 663 2047 361 609
../samples/0017-IMG_0035.JPG 4 0 2047 837 951
../samples/0017-IMG_0035.JPG 5 1164 1474 234 452
../samples/0017-IMG_0035.JPG 6 778 801 471 1083
../samples/0017-IMG_0035.JPG 7 710 990 0 0
../samples/0017-IMG_0035.JPG 8 618 727 516 1313
../samples/0017-IMG_0035.JPG 9 2030 2042 536 601
../samples/0017-IMG_0035.JPG 10 1444 1588 356 619
../samples/0017-IMG_0035.JPG 11 0 2047 721 751
../samples/0017-IMG_0035.JPG 12 1299 1440 681 852
../samples/0017-IMG_0035.JPG 13 1121 1238 154 364
../samples/0017-IMG_0035.JPG 14 849 919 0 627
../samples/0017-IMG_0035.JPG 15 0 2047 559 596
../samples/0017-IMG_0035.JPG 16 1418 2047 1027 1367
../samples/0017-IMG_0035.JPG 17 1910 1968 981 1047
../samples/0017-IMG_0035.JPG 18 1896 1915 300 753
../samples/0017-IMG_0035.JPG 19 309 386 0 46
../samples/0017-IMG_0035.JPG 20 7 1460 787 864
../samples/0017-IMG_0035.JPG 21 232 425 2 829
../samples/0017-IMG_0035.JPG 22 1343 1455 47 165
../samples/0017-IMG_0035.JPG 23 482 876 0 303
../samples/0017-IMG_0035.JPG 24 889 1434 888 1367
../samples/0017-IMG_0035.JPG 25 0 2047 389 1125
../samples/0017-IMG_0035.JPG 26 874 974 889 1143
../samples/0017-IMG_0035.JPG 27 686 1751 0 254
../samples/0017-IMG_0035.JPG 28 828 1621 382 427
../samples/0017-IMG_0035.JPG 29 645 1616 0 1367
../samples/0017-IMG_0035.JPG 30 523 909 1000 1264
../samples/0017-IMG_0035.JPG 31 791 844 0 248
../samples/0017-IMG_0035.JPG 32 1199 2047 0 1252
../samples/0017-IMG_0035.JPG 33 534 642 0 716
../samples/0017-IMG_0035.JPG 34 0 64 490 686
../samples/0017-IMG_0035.JPG 35 1189 2047 591 632
../samples/0017-IMG_0035.JPG 36 1573 1578 0 1367
../samples/0017-IMG_0035.JPG 37 0 2047 585 716
../samples/0017-IMG_0035.JPG 38 0 145 805 1308
../samples/0017-IMG_0035.JPG 39 41 209 0 1367
../samples/0017-IMG_0035.JPG 40 703 807 533 666
../samples/0017-IMG_0035.JPG 41 0 1833 778 822
../samples/0017-IMG_0035.JPG 42 0 2047 687 964
../samples/0017-IMG_0035.JPG 43 495 538 870 1057
../samples/0017-IMG_0035.JPG 44 1181 1194 0 1367
../samples/0017-IMG_0035.JPG 45 1584 1768 548 996
../samples/0017-IMG_0035.JPG 46 125 229 316 1223
../samples/0017-IMG_0035.JPG 47 1334 1420 254 407
../samples/0017-IMG_0035.JPG 48 0 2047 231 395
../samples/0017-IMG_0035.JPG 49 1401 1618 671 710
../samples/0017-IMG_0035.JPG 50 1492 1531 0 1367
../samples/0017-IMG_0035.JPG 51 1128 1548 0 461
../samples/0017-IMG_0035.JPG 52 1680 1692 0 1084
../samples/0017-IMG_0035.JPG 53 0 2047 551 691
../samples/0017-IMG_0035.JPG 54 1474 1510 0 200
../samples/0017-IMG_0035.JPG 55 0 736 783 1094
../samples/0017-IMG_0035.JPG 56 1758 2047 34 368
